010100000101000010100001010010
010100000101000010000011000000
010100000101000010000011000000
010100000101000010100011011111
010100000101000010100111010010
010100000101000010100111010010
010100000100111111001101100011
010100000101000010011110111000
010100000101000010101011010110
010100000101000010100011001011
010100000100111101111010111100
010100000101000010011001010000
010100000100111111000101100101
010100000101000010010100111000
010100000101000010011101010011
010100000101000010011101010011
010100000101000010011011010110
010100000101000010100011010011
010100000101000010100011010011
010100000101000010011101100000
010100000101000010100001010001
010100000101000010100001010001
010100000101000010101001010011
010100000100111101111010111000
010100000101000010100101100100
010100000101000010100011001111
010011110100111101100100110000
010100000101000010100111110000
010100000101000010100111110000
010100000101000010100011001110
010100000101000010100011010000
010100000101000010011011001011
010100000101000010100001010011
010100000101000010011111001110
010100000101000010100101010011
010011110100111101011110101110
010100000101000010011011101101
010100000101000010011011010000
010100000101000010100011010011
010100000101000010100011010011
010100000100111110001101000101
010100000101000010100001011001
010100000101000010100001011001
010100000101000010100011010000
010100000101000010101101010101
010100000101000010101101010000
010100000101000010101011001110
010100000100111111001101100001
010100000101000010101100111111
010100000101000010101101010000
010100000101000010101101010000
010100000101000010011101001000
010100000101000010011111010001
010100000100111111000101100010
010100000101000011000101010000
010100000101000011000101010000
010011110100111111100011011111
010011110101000011100011010000
000000010000001001001000000011
010010100110010111100111100010
010010100110010111100111100010
010100000101011010000100011111
010100000101000010100001011110
010100000101000010100001010000
010100000101000010011011001100
010100000100111110100001001011
010100000101000010101001100010
010100000101000010101001100010
010100000101000010011111001011
010100000101000010110111011100
010100000100111110000100110110
010100000101000010100001011101
010100000101000010100001011101
010100000101000010100001010000
010100000100111110101111010111
010100000101000010100011001001
010100000101000010100011001111
010100000101000010100011001111
010100000101000010100101010010
010100000101000010100011001111
010100000100111111000011100000
010100000101000010011011000111
010100000100111110100001010000
010100000100111101111010111100
010100000101000010100101010011
010100000101000010011001001010
010100000101000010100001010000
010100000101000010100001010001
010100000101000010011111010000
010100000101000010011111010000
010100000101000010100001011000
010100000101000010010111001011
010100000101000010011110101111
010100000101000010011110101111
010100000101000010011101001111
010100000101000010101001010101
010100000101000010011111001011
010100000101000010011101001101
010011110100111001011100110000
001110100111000010000001000100
010011100110001101011100111101
010011110101000101011101010000
010100000101000010100001110010
010100000101000010110011011000
010100000101000010011111010010
010100000101000010011101001111
010100000101000010011101010000
010100000101000010100011010010
010100000101000010100011010000
010100000101000010100001001111
010100000101000010101101010110
010100000101000010101101010110
010100000101000010011101000011
010100000101000010011101010000
010100000100111111000001100010
010100000101000010100101011010
010100000100111101110110111000
010100000100111110110001101101
010100000101000010011011010000
010100000100111110011101001101
010100000101000010010001001001
010100000101000010101001011100
010100000100111110101101010010
010100000100111110011101000111
010100000101000010100001010000
010100000101000010100001001111
010100000101000010110101011001
010100000101000010011111010000
010100000101000010100001010000
010100000101000110011110111111
010100000101000010011011001110
010100000101000010100001001111
010100000100111110010011010011
010100000101000010011111010000
010011100100111001101000101111
010100000101000010100001001101
010011100100111001111001000000
010100000101000010100101010010
001110010011100010101001010001
001100010100100010110011010101
001110000101011010111111010110
010000110101101011011101011110
010001110101001110111101000000
010011110101100010001110111001
010100000101000010100011011001
010100000100111110100001001111
010100000101000010100001010000
010011110100111110000001000000
010100000101000010100001011111
010100000101000010100011010000
010011110100111110010001000111
010011110101000110010000101010
010100000101000010100011011000
010100000101000010100011011000
010010110100111110101111010000
010011110100111101110010110111
010100000101000010011111001011
010100000101000010011101001110
001000010010000110011110110001