000000000000000
000010100000000
000101000000000
000111100000000
001010000000000
001100100000000
001111000000000
010001100000000
010100000000000
010110100000000
011001000000000
011011100000000
011110000000000
100000100000000
100011000000000
100101100000000
101000000000000
101010100000000
101101000000000
101111100000000
110010000000000
110100100000000
110111000000000
111001100000000
111100000000000
111110100000000
000000000010100
000010100010100
000101000010100
000111100010100
001010000010100
001100100010100
001111000010100
010001100010100
010100000010100
010110100010100
011001000010100
011011100010100
011110000010100
100000100010100
100011000010100
100101100010100
101000000010100
101010100010100
101101000010100
101111100010100
110010000010100
110100100010100
110111000010100
111001100010100
111100000010100
111110100010100
000000000101101
000010100101101
000101000101101
000111100101101
001010000101101
001100100101101
001111000101101
010001100101101
010100000101101
010110100101101
011001000101101
011011100101101
011110000101101
100000100101101
100011000101101
100101100101101
101000000101101
101010100101101
101101000101101
101111100101101
110010000101101
110100100101101
110111000101101
111001100101101
111100000101101
111100000101101