-1.36921436496508
-1.13849384297547
-1.43170397329689
1.24114189447888
1.56112757118471
-1.14287742187403
-0.00222957786276456
1.47032763784301
1.75443035725245
-1.10218160557662
-0.249571827356504
-1.85798926831129
-1.19549073241441
-1.93177341107827
1.81705900831942
1.36637477733492
-1.20863861367509
1.96938526628976
-1.75241502549146
0.830456414646682
1.45525432352687
-1.63023960014351
0.472567939419564
-1.37815429800104
0.496218559563262
-1.351011758368
1.3866131209706
-0.459766107825453
-0.854646905723329
0.175169733434529
1.6997988855931
-0.747969632385284
-0.636831785848752
1.0793794370626
-1.43708781871809
0.0193995880053377
0.0049806712218472
-0.663971322897808
1.09383379812065
1.45815883179109
0.560171242132863
0.670156938335931
-0.70006723641421
0.25428856082926
1.78387177352974
-1.93872902725764
-1.13873148110636
0.434571131334906
1.43797991398628
0.54942687347039
1.36193496517927
1.18718638233244
0.0308738993624571
-0.508684941804356
-1.88771434123056
-1.73897476482157
0.38893821760497
1.94645032470415
-1.25507666508438
0.912139329552715
-0.529490542844632
-1.54246347003731
0.324974543566338
-0.420739376182081
-0.801980491169719
-1.50160219497122
0.778842517537457
-0.274870169477011
1.50531440763982
-0.202340579685914
-0.63860589388693
1.45533270922272
-1.12444853183089
-1.21057385728256
-1.72971482748618
-1.21490261480906
1.0698276362707
-1.7817206214097
-1.16202607153078
0.434947586820902
1.78771972273836
-1.0479580103643
0.102253978188268
0.595926220806281
0.813234768255257
-1.48738749673934
1.22115646825226
1.8718531559556
0.967093778293158
-1.69811305389652
1.63046137040037
0.0585303465176983
-1.40889465781343
-1.81830553143206
-0.0123506253642731
0.102634712170174
-1.65481760523041
1.72067213976787
-0.943730948001021
1.28547396850096
-0.945979813014632
1.20501553288386
1.93945065905828
-1.18960422793636
-0.632860917090484
1.3407920110397
0.192124789055645
-0.307793802025368
-0.611788821192389
1.61310603307957
-0.851528577534593
0.231978148819694
1.40847430437542
0.340439630471438
1.34684306600823
-1.93878274671345
1.0991976371199
2.19511663583197
0.0899520993483395
-0.769945603591935
-0.736681106061585
0.712429831033887
1.47863500639263
0.86135240478834
0.83873540601582
1.633386931668
0.367543914040701
-1.52703324027505
1.44999352056274
0.512306838149319
-2.16015903401645
1.70166303084301
0.714030627421731
-1.09963732932467
-1.15038147372787
-1.18658548328172
-0.300209015797536
-1.09378043882228
-1.03073721069391
1.24420565879738
0.0971288303778765
-0.227591454836143
0.743142441382387
1.14985856928562
1.15639391400772
-0.937831024424022
1.07572912304406
0.127801177203616
-1.03189995931479
-0.690733761270204
1.82664443847557
-0.577874087000839
-1.11026078134117
-1.58666007586822
0.167606608049724
0.510922243396178
-1.94943835325181
1.58333692846707
1.79568055389304
-0.443038013320533
-0.829610329241566
-1.03498906695483
0.286021952014622
1.1476664903612
0.537535403799921
-0.22273142423916
0.310125428556667
-0.788085588879641
-0.671654636702465
0.432143693728569
0.515330825044374
-0.119649331199248
0.363568536954724
1.94900309903475
0.233230743790094
1.88229466538688
-1.73789782943354
1.11987038222779
-1.63171613961667
-1.34019795295878
-1.11389339181905
-1.07229774034225
1.84595287285703
-0.657536160221217
0.121677365277924
1.62281091504869
-0.184528754640033
0.331587132295411
1.63897537853103
0.626090883146124
-2.16868026498937
0.92440992259943
-0.774511976837276
1.95830203212983
-0.434821991037884
-1.74589618876931
1.40121807156806
1.22566799395657
-1.2040453017518
-0.662872795786849
0.472663711801411
-0.712059815145951
-1.16947714376775
0.701599694499825
0.895685476862005
-0.192503372120143
0.31656117409357
-1.23051019358383
-0.273049192278062
0.703902876415419
0.0440845763558074
-0.824849780136716
1.5241070158374
0.975332156951865
-0.499804801085449
-1.6333331134821
-0.391633713835773
-0.89323362175183
-1.40784570862173
0.913476021202083
1.44023888641889
-1.62009001446334
0.105471350819916
0.721521499186242
0.0335780827649632
-1.85907350517223
-1.11952548722742
0.789243103302277
-0.179770633525457
-0.0789713459754918
1.79889140388016
-1.41265841967927
0.297564974412516
1.01447266518294
0.149106813625558
0.88249360943349
1.62848802797805
-0.870084719872242
0.377256698467996
-1.63946492100691
-0.163685479081009
-0.721361314077309
-1.04424512744966
-0.982800260759194
-1.33518927686309
1.3436606519737
0.396740972172551
0.225770072908329
0.0449487174841042
-0.586522188669944
0.862815829965649
0.307539844111212
1.29375376390529
-0.164851696786251
-0.511490338296753
0.280931079269719
1.29582714802576
0.806119297344036
-1.86173314945838
0.772965952946331
-1.29855195259573
1.84828239504368
1.24255604261849
1.99200158400648
1.01136545955184
-0.525276584108989
0.923877246606008
-1.2737558424351
-1.47479778549378
0.532229799801767
-1.24237316913353
-0.931166235292007
0.748355364005625
-1.96742270692422
-0.457005565579156
0.0262177259922029
1.63757008910681
-0.947987773425084
-0.187435468099141
1.10355493953763
-0.769386192802393
0.832738931287744
-1.18902244398692
-1.44161579829532
1.2881506211229
-0.634722696506219
-0.301415035751117
-1.12653687863044
-0.963630117180864
-1.9768675583307
1.58876162955709
-1.35806178722172
-1.39097800818652
1.4670833475879
1.7743062121638
0.181556572451012
0.203207310815627
-1.12774100208566
-0.0970800047500184
1.1918391311169
-1.86933490097875
0.0915914464152931
0.517079101734676
0.986609788981834
-1.70888573116276
-0.894927963856261
1.63740649089579
1.23942679092102
-2.0058178850827
1.66441681808414
0.916251366986098
0.552566058708427
-0.545106701969517
-1.14791116430939
-0.536740686191413
-0.430878033994327
1.31150500931843
0.858155984437975
-1.96810916947197
-0.0469927710646693
1.9202760103936
0.0247852210018066
3.25362192864458
-0.953412353714391
1.49324291712881
-1.6169843423881
-2.2574221641933
1.18054829814608
-1.21059406575321
1.7257618810711
1.3917372560354
0.871750804833948
0.783229139096597
0.0729361299054378
0.419482634502627
1.95500919778616
-1.26396690351795
-0.497519690494313
-2.03496192938665
-0.395214230107406
-0.440244801407597
0.980335888058429
-1.25817871045393
-0.848341281974553
-1.08207183613819
-0.848950196617865
1.72022406409693
1.19141829720872
0.160459305332897
-0.794157932288075
1.59658687493811
2.31734198881444
-1.90080667938386
-1.51635941858739
1.14296058626546
0.168518801090743
-0.440598720938523
-0.927659284786518
-1.79388513585007
-2.15684848780233
-0.484684230310539
-1.80088140086789
0.392786866942335
-1.36474304800543
1.51075252463838
-1.62342499239335
0.534442198705277
0.0270258100866476
0.174152574493734
-0.378077840453452
-1.06549713772401
-0.55938784518237
0.303697814002227
1.28751826043677
1.79760715921981
-0.148543088356462
0.419100658792857
0.289967555328501
1.69369203611137
-0.836612977910638
-1.45695280740615
-0.569441471750763
-0.80875480256562
1.18601637937301
-1.92318018708992
-1.92777272946632
-0.795043111093166
0.683796830920354
1.31496613562187
-1.30656546898977
-0.945993131963479
2.1718691958473
-0.934063491916116
-2.03653661089738
-2.28205735554556
-0.883429501923818
-1.83517157246609
1.29029553581681
-0.145851806061023
-1.74080796816386
0.266254099286728
-1.33264338949598
-1.01694976486702
-1.49198628821729
-1.63854895030961
-0.0151282319063026
-0.616954087276066
-1.36379405662315
-1.59859174607195
0.700875075696788
-1.93754647076854
1.15350702454359
-0.305895577649407
1.14026078962715
1.46460820663474
-1.53807887867185
1.44519440483826
1.83840819581211
-1.4370685989628
1.5014079675538
0.279344515743619
2.22352982203795
0.791790426666476
-1.71545560630052
1.95600454714097
-0.38464194874314
-1.65775507408408
0.00274866317305203
0.846826855653158
1.05805414366893
-1.3612385360841
-0.386650739663912
-1.09521847377676
0.979228416302384
1.32535465196527
1.15942067730979
1.50446965690484
-1.72654411879534
0.860980228600478
0.268334948095549
1.42752190489615
-1.42941595260673
0.572840109121684
-1.30315046514874
-0.812943264641304
0.243922639762938
-0.281116353966568
0.299880770300482
-1.286716393626
1.59721052494537
-0.398136773107354
-1.00948965583982
2.0123403424844
0.173068641033909
0.360102388707743
0.554548292822133
-0.15028025103274
-1.51776032389922
-0.96286207561043
0.449280693653222
-0.549994075801438
1.16594768788131
0.312680002542654
-0.4871489578363
-0.21467302095859
0.47965835239613
0.262996851081876
0.999625334975188
1.6410324881755
-2.1404119472588
-0.785420628760382
1.73710151608815
-1.64142690215891
0.288959208773039
-1.52531540207668
-0.912770801358622
-1.06560613053353
0.740443591356773
-1.96466051011614
0.142221571089363
1.99977383903801
0.0491124145167285
-0.430286141462354
1.17567205891085
-0.742609243335466
1.68216941703918
0.735998527112328
0.850458989544826
-1.44412168549974
-1.12421265249272
-0.309890304865968
1.03386641704002
1.20982334103515
-1.04691705278881
-1.0922258084717
1.74048573223532
0.674101024536108
-0.474899044283573
0.361028730357548
0.961369059649937
1.13603711833163
0.675016135853408
0.408360499168008
-1.70382671727552
0.710797990258703
-0.0873466724006697
-1.46388113434893
-1.22625894892221
-0.336771998582605
-1.01775899688701
-0.56526552905886
0.759373180524662
-1.8595784607697
1.28695262368407
0.802498376463844
1.83256218411012
-0.797371370277127
0.586612020867145
1.93005387253579
0.140931205634305
1.75818766418547
1.9933652996847
0.452526076367175
1.21538554141539
0.679865923858452
0.106294188693254
-1.46311986206224
1.57147903651565
8.63675499813586E-05
-1.04638731632274
0.72506775884822
1.39541628172945
1.96465654675639
-0.478896003744871
0.441404820419445
-1.27136046997723
1.57819282273926
-0.617613090927611
-1.35739107895021
1.71275208053622
1.24864257878569
-0.976916061258852
-0.7852098858684
1.5904175676848
1.25812869642195
0.599178932709563
0.754452781189438
-1.6826962943507
-0.176213160231286
-1.17107537003731
0.563476231040477
1.75224702000098
-0.643016820270411
-1.30099837638748
1.01725120450066
1.19285054678555
-1.54350066707084
1.43391998914377
0.0722577336528938
-1.65398523226878
-1.00939772450427
-1.10013720951255
1.11525322811317
-1.08261459603794
0.045697129669569
-0.13263537171764
0.893748795643154
0.984621549781731
-1.39413825798316
0.132171374277761
2.09043469549961
-2.04547949902755
0.341947709036697
-1.7932804661544
1.29074971908079
0.102629176050024
0.583403052012032
0.644394840205987
-1.85089227361473
2.26509481645205
1.56365738704422
-1.91034665609765
-0.101306572035701
-0.916162600232109
0.159898375981222
1.21039073324986
0.575929471245866
1.57988652253038
0.703640058938329
1.47265880900929
-1.50517402372255
-1.60981515157175
1.62848139353434
-1.46597506698456
0.798063420962357
-0.235741707256329
0.365881473813759
-1.31832438363045
-0.103858240950879
-0.440507246215298
1.30959987003874
1.45031694339194
1.59266893120122
1.53750442993412
-0.847975376489145
0.455220003288554
-0.818606974622567
-0.990241143752556
-0.627492884624909
-1.56669921598894
-1.52716425971124
-0.426241992799027
1.27057367570141
0.259507322020475
-1.01837835462823
-0.904932890430353
0.661725270223209
-0.0695198842203112
0.503188308534214
0.920967948435646
1.44704753925076
1.70213667143787
-2.35493963533773
-1.01067094508065
-0.255313904983487
1.99332566666413
-1.44983126062814
-0.358792470651202
-0.0987782304646995
-0.462449986938783
-1.89137346281218
0.258701592629487
-1.01304644260735
0.881223798725473
-1.26518151427133
1.37319744521822
-1.27868695799567
0.655706688069072
-1.8806507555861
2.10716547414458
0.137358609886157
-1.41153008403398
0.0994346145020425
0.475461207520085
0.77021275340915
0.636464396016412
-1.34272125779676
-0.195678207944792
1.62854191876222
-0.525540240303507
1.10500583252971
-1.43899287585958
0.245596130444665
0.720703326896207
-0.138305762260354
1.72465170025045
1.68453386208919
0.546608027971954
0.155694036368257
-1.0077418677309
-0.39032161392279
1.44410979305728
1.4850155146846
1.98480651768286
-1.89733841368054
0.175390341568885
-1.50358366146206
-1.46607667927099
-0.531220454936878
-0.64907787605567
-1.47589799967203
-1.35027097313985
-0.428308778050414
0.393191957498435
-0.981108631290433
0.145111399397685
-0.766630472873177
-0.442393918649358
0.874782518750666
1.46301657543304
1.38471454235712
0.689713620571154
0.318839560855236
-1.77401556252037
0.230163646657345
1.47349608193127
-1.04352450028538
0.400457367537604
-0.745689720530614
-1.05197633805237
2.10036072549458
0.0984729161008944
-1.60701929860101
1.65522711273628
0.461434451263535
0.375633973359525
-0.37697118788337
0.446433059819598
0.273198756126479
-1.12373300364529
-0.457430666248278
-2.34795138205508
-1.8289438489506
-0.391296406594356
-0.608193209357961
0.28010128544599
1.03369859406471
1.02020397182752
-0.228546241991403
1.13178363621093
0.351443081954616
-0.0310429002611282
1.48920065239601
1.66794589358445
-0.159593534379461
1.16351990866324
-1.47528849342584
0.961398791283262
-0.593497533951041
-1.54950456123242
-0.617735304789617
0.6980452097933
0.892775397968704
-1.44049490047769
-0.586574838851928
0.322717461617331
-1.6725344581081
-0.0252404278382554
-1.54522040623621
0.822763520133765
-0.856024097910535
1.00817430092422
0.954864914181417
0.319484899881845
-0.370617271613964
0.595903794984607
0.718167370998743
-0.941159514882683
1.22766635453716
-1.88781655776739
-1.34319755025155
-1.37205956550108
-1.54511202601817
0.313785938702335
0.576986704772846
0.314234896205813
0.242839826162988
-0.246681568834119
-0.711407470834752
0.998221034124581
-0.0699791578254993
0.607708340408957
-0.615083270598829
-0.581254158889223
0.905300575378132
1.20759589349077
-1.1440476071015
1.79972861033757
-1.59851938388372
0.829453822849865
-0.509731433515149
-0.751587882174327
1.4790717882584
0.94811717931065
-0.0266881446464896
1.42612642647581
0.455238560313505
-0.387346882156124
-0.449985934528113
0.45375152739564
-1.67378867701817
-1.47070735606722
1.96997738671621
-0.739909460271002
-1.54095121346253
-1.94503693852594
-0.42465338324578
-0.945885181865531
0.548700485675197
1.62920381561449
1.74737305939143
0.949788931478735
-1.19889488952604
-0.629117479647881
-1.07105416802168
0.71408763619917
0.693304900889524
-0.373241974645541
1.1550491786425
0.646566159800751
-0.0502384637134104
0.945234798578675
-1.9329385915255
-1.51105559404459
0.69216044091578
1.79010953839174
0.201796747555827
-0.489377935146312
-1.58216540817004
1.30863102282021
1.0410256642108
-0.873156262036951
-1.96930478139282
0.312625429738604
0.483048093730141
-1.1085435986093
0.528591764405645
1.56343658248123
-0.771301272684383
0.609967851364039
-0.917694616558819
-1.91244024779296
-0.855758888114131
-1.20469418317298
1.17435921690164
1.00265889382114
-1.93838745539002
-0.349659132934017
-0.324739937821748
1.32084729304577
-1.16367251014508
-0.591902253493621
0.146910685182973
1.09795267651694
-0.858971736793859
-0.33269252922977
-1.59939829986514
1.5482216996831
1.05128780708243
-0.935857125993752
0.25735724449966
-1.59408272597663
-1.53303256981682
1.40602305131314
-1.43133213344558
0.56238395281247
0.88142022624678
0.530124699012434
0.88747674920013
-1.60342494193624
-1.92649707939778
0.782263561516192
-1.76049476664536
-1.35349538519676
-0.757742368969015
-0.177099184215581
-0.261895624111358
1.30752787520528
-0.814482228278407
1.23332830296519
1.32887973418873
-1.53101160355425
1.94344303009261
-0.901206241408925
0.229172867829526
-0.367072082295582
0.979933052780075
-1.06725745790976
-0.828402833467537
-1.18425937704009
-1.50914529874415
0.980370064722547
-1.4878512246012
-1.83544414669063
-1.64738939313562
-1.32361189058219
1.62059232202386
-0.261781939427267
-1.7733620497274
-1.38802473591083
-1.87876133242564
-0.46851215440245
0.762864117865853
-0.721314995885508
1.24734437244355
0.0540639283387288
-0.831407486848257
-0.49959392962027
-0.144304954514049
1.31812744742172
1.92920309488159
-0.906926175070427
0.362703927961506
1.81795950411724
-0.264736860182479
-0.21163115194609
-1.53752575606924
1.36817367159211
-0.823149816516391
0.935739948850004
1.58245090003239
-0.0513223158434604
-0.641472467520029
0.0717361262402201
1.90572035680791
-0.90686714412033
0.270114786117391
-1.92505061995473
-1.70610599206114
-1.43413047838683
-0.00456345255407483
1.79841017856442
2.12901290209714
-2.09240713332369
1.29718576523014
-0.612691002160378
-0.552469533392342
1.23438555324814
-0.0021688041861717
-1.58546239429198
-1.50447865565992
-0.244065950464089
1.38358336537461
-0.104581340302965
-0.925259089526168
0.820896745573354
-1.03660799130923
-0.851379002167018
-0.135596288221044
0.859424253680701
-1.79126060235781
-2.23290858796997
-0.607296268660975
-0.655687747596986
-0.330458014898525
0.443124041264181
-2.30522198067016
-1.51261106143026
-0.00548720590689636
0.515247957964901
1.28728066990921
-0.631276495523534
-1.32005418857076
-1.36726184711308
-1.18204268361973
1.92123451629468
-0.00649402060905223
0.235824797300088
-1.73275165264697
2.06548384580614
-2.02351694416502
-0.437956603603587
-0.199102886533565
-1.4883345051283
0.566284561128449
-0.296221404011048
0.971851097571035
1.35149213982873
-0.866025553012542
-1.64820905451327
-1.16425403180434
0.272390406274094
-0.459577433206205
-0.453786304133432
-1.48098063608143
0.0456434810147627
1.19394581447244
-0.246691207790994
1.5644418725388
-1.38750681011246
-0.540911363873518
-1.60002947804067
-0.635054056985021
1.79102887173109
-1.87410746955113
1.32289843328465
-2.52630163847881
-0.591555615135612
-1.09746661644567
-1.05530517909275
-0.86330021942754
0.780329900387335
2.03122334829659
0.716522975488346
0.219933147558989
0.944362234556118
0.80705111458615
1.40227979919536
1.15048615652894
0.715570566679574
1.84324862299299
-0.826949793713316
1.81805942749907
-1.12940413071029
-0.601808560111099
0.0475151526612904
0.889809226956113
1.08425006797011
-0.92918412905441
1.01551849971
-1.95598986002392
-1.34170675377665
0.482980208305539
2.02343077974985
0.0262848649799449
1.11901485093742
-1.48766515525701
-0.616674467142451
-1.3251541884174
1.16393110990969
-0.155654091015573
-0.860694690543087
0.418170121232596
-1.64221890196229
1.23675905707122
-0.533975182592433
-0.337854019785505
0.739012033079445
1.06430312989048
0.0163948652940067
1.07106310658571
1.68029807086364
1.12034608320292
-1.43696337015529
-0.342367562373256
-1.23540244316317
-0.657114619302218
-1.46298761764403
0.0218644786999224
0.201766842646204
1.87493863052526
-0.708676992669727
-0.993081609650308
-0.300281980369148
-1.52795713099356
-1.05830491539003
-1.4223553318898
-1.77460593472053
-1.84950022289227
1.40395189093421
-0.0648020701153067
-1.28923983949374
0.977528225473401
1.80737675926669
-1.03584004715622
0.315155993288324
-0.0466269681365715
1.03789697063786
-0.349666719386688
-2.06259004403801
-1.13430671474817
-1.70106813858761
-1.72960800387424
1.23492259031598
1.89585936396823
-1.11979912323078
-0.961609126875303
-0.522267277630972
0.225409939334658
-0.653774807524424
-0.489934260334828
-2.20323122007558
2.07345696147262
0.696442437045922
1.09893390089949
-1.05515382523939
-1.8487238029423
-0.53786607087257
1.70911800595461
-0.0406804680196107
-1.0475652967602
-0.466113682844903
0.980407730298791
1.84180489970026
-1.99708089654915
0.253124385664092
-1.05118823718181
1.16888248580131
1.54714966999513
1.6954693645527
0.888390220654942
0.456597031990121
0.687599545953767
-0.143346753989911
-0.603722861611378
1.55597588539447
-1.03894346251016
-0.398152978907099
-0.314310284661833
2.00058769459736
1.61461014842315
0.995726201851984
-0.0259458520798691
0.776695814514886
0.00660526862352694
-0.175301842030221
-0.84029423266999
-1.22853199783521
-1.41535774629527
-1.93703409073906
-0.0495431021756198
-1.58771060188082
1.54280145288351
1.87178469087668
1.14856381989279
1.14271782421228
-0.831866698818478
-1.66519456304872
0.733912040581615
-0.211699150387861
1.4661733015281
0.340882082553162
1.34503031124479
0.0387929176174447
0.15729404698894
0.67090862013256
-0.805613447330189
0.958725125418216
-1.17216617037182
2.3261812002406
-1.63157868865467
0.535588018202906
1.6874018245601
2.40988305775837
-0.0724963205666424
-0.60718600717077
1.5914226881256
-1.09943936664619
-1.01101776305517
0.956123312553159
-0.93522055071505
-1.33025280091232
1.0471074804251
1.61117411574636
0.179063093442514
0.904905311697298
0.4952950027429
1.1113590710551
1.31579645891965
0.603278178818992
-0.0360724955105779
-1.59870364688894
0.32668082728347
1.1203550324797
-2.43110633246187
0.246173206584779
-1.35735196159875
1.66825865445276
-1.49355442346122
0.934543532395027
-1.61493687678782
0.517907245294165
1.30651004846433
-1.41024550875552
1.49538831491773
1.84918618233723
-0.856925623045498
1.53301772641076
-0.326775014256919
-1.27089724942676
1.94094508385609
0.0511584717408529
0.707526094387383
-0.97017817972279
-1.85966254272161
1.39364840558818
-0.126055794299889
0.851730098148564
-0.57750264941285
1.64533811988089
-2.01565274017659
0.474967921099659
0.711771197529537
0.681046996948499
-0.717998836882394
-1.6700060987333
1.11440031411617
1.12634213863352
1.72848176689649
-2.69522946396816
-0.947299370323849
1.95814080566704
1.60266494440536
1.1064736668904
-0.532193091978136
0.53320590872281
-0.849329446469578
-0.151070450328194
2.60268683237512
-0.313280027432152
-0.805661895099132
1.5510505548336
-0.665263477766924
-0.100246285091279
0.239799931572764
-1.18944017868868
-1.37165621477774
0.222968151704719
1.50662751380092
-1.4367838352176
0.349385461897072
0.659225443859194
0.0127366915117372
-0.870286566584617
-0.187296762901257
-0.264880008017721
-1.58873461254404
-1.6137886906115
2.57155085186197
1.35250877352091
-1.89208137354273
-0.735910842964683
0.981019666179044
-0.531613858275823
1.64456228100544
-1.88678765498698
-0.261765586202055
-0.521479138484726
0.924144396673004
0.0437996461868281
0.435591839212209
-0.790829375245927
0.698501494048181
1.35937198376756
1.00061274568745
-0.0369779161019958
-0.461337306654473
-1.8077416416718
-1.74437289905519
-2.2436725439667
0.654801721006055
-0.696081520786008
-1.36307790853942
0.711943236077953
-0.935704502635535
1.19246684252059
-0.54826344915624
0.635454994762249
-0.693529838015016
1.90378391490032
-0.897453485494166
1.92168631857704
0.00626155720822822
-0.635770481450571
-0.164614795973898
1.54825348328355
1.08228881356709
2.16126034826224
0.277841630334563
0.0500704860704473
2.38305856869498
1.33452373321788
1.19809799341864
-0.807935116116726
0.471632681703508
-0.995013304774959
1.15055276882189
0.817901586297478
-0.0715964654872966
-1.58614248287958
-0.911895097480597
1.79671098715638
-0.785229945315469
2.03256829307804
-1.35775145943728
0.904962536867305
0.024874491035825
-1.51408397127304
-1.95170848895183
-1.44640300885211
0.963084033487328
0.660503900018992
-0.775539438065613
1.23501780185931
-1.10495471350107
0.791595781634486
1.52972656599264
0.19730206577577
-0.17919206443847
1.36600506550419
0.585611093336266
-0.0759679002992956
0.151149931871358
0.398744293861583
-1.31433176204592
1.46430128688217
0.755279791458762
1.20726351798642
-1.84086949754105
-1.54854085998371
1.6125710769328
1.03282062665585
-0.784877094707901
-0.619963692010506
0.776027122872227
-0.228478172881829
1.26239922341772
-0.00422583087418876
1.9175503768537
1.3058446578012
0.323630857010011
0.511633616510006
1.54205640908293
-0.305339089127762
2.03642433643494
-0.918534196597579
-0.878190966510647
2.34550883358638
1.23834628636096
1.37528382536192
-0.534343524351051
-1.35443285657512
-1.0531947506177
0.69033865343077
0.837812297919187
0.841828451404135
0.00142926616302901
-0.256289340427641
1.18264193118274
-1.59244303238825
-1.78894098880589
-0.0145900195864774
-1.27941101438752
0.949844768356311
-0.870079963278132
1.7495341152019
-0.753197966676065
-2.07170752184441
-1.6513749547249
1.46081737610273
-1.75526093955251
-1.2347452888169
1.51260834778684
0.244199449807976
-1.61960428850446
-1.95032103512365
0.0134128355217279
-2.21765190840874
0.583155615206069
1.35562799945407
0.446338667822446
0.678551357045433
1.60996475582146
-1.05088301822241
1.14708233267291
0.406247630263195
0.256704660417537
0.415905933789923
0.692913494040251
-1.65725248756698
1.9813060155751
2.05642699415886
1.30768149776309
1.0076222363717
0.826839401996255
-2.06844896320889
-0.484532517786737
1.9237849446494
-0.97452006059453
-1.42479437174503
2.3167433120763
-1.22603658214657
1.84234509748305
2.24497220124165
1.7959108070553
-2.10646421044805
1.54938680790601
0.118117668570187
0.190726516223131
0.0487241125828056
-0.728819921167833
-0.552092149123178
-0.948903632899546
1.80186436066189
0.295831881255787
-0.104181565030217
0.479955527183821
1.83590713416591
-1.18438027453825
1.68425235606054
-1.32226313957078
0.975228530705212
-0.58060200737111
1.87831903025349
1.61496218996422
-2.10405841186628
0.0153152999703701
1.6022157946216
1.20955105269806
-1.25825357793991
0.738031680110664
0.332395329417244
0.918622925356535
-0.101790714341178
1.11619758775654
-0.350946187151982
1.43119631378102
1.14218634322243
-0.269487004035186
1.05373601058174
1.47052565878525
1.63097093082468
-1.50969276837966
-1.58801981278644
1.79103979781208
0.0856756549897627
1.41316107066258
1.17328791378133
-2.21365298360852
-1.16269187668529
-0.529809373504071
-0.292218475348268
1.17086154251637
0.717838634194412
2.09870693304232
-0.898962693721943
1.79085186623607
-2.97483724963151
-2.1809876877149
0.78765052883838
-0.0639878398467079
1.21671523637818
1.18200261259113
-1.25231994256709
1.86402354915902
0.671978051032613
0.845185735155011
0.321477561866263
-1.27621077827535
-1.4116947458511
1.22937108410331
0.593816686216163
1.46870109185731
-0.0388291060466226
0.57507298975701
-0.349221295632633
0.224371630710424
-1.65364087258214
2.41443397317469
0.0296021539530573
-0.866341561477609
1.13363781296627
1.36174932076216
0.765174642646382
1.44888589500305
-1.42441941692026
1.42388504612433
-1.79098826340219
-0.0885876849628982
0.251679509023264
0.00856361821113738
0.486133759592462
1.88405777706776
0.424850372681019
-1.03985620173546
-1.68385610628148
-1.45389845568133
0.800762381090474
-0.840330684716003
-0.330375395969786
1.6553015544615
1.84038784964275
0.502200187530724
1.31969058053524
0.418553766793528
0.115017314321623
2.55132074439313
-0.699319199419092
1.94937298612639
-0.507112261454541
1.0886442226166
1.06824166950521
-1.05563620758126
-0.176893310904078
0.0747709255487718
1.06286071545582
1.66030855554122
-1.54495676850305
0.563263109281533
2.08794437907405
0.322631875957337
0.655997662222984
-0.943385340381032
0.579698192174296
1.19458399069062
-1.67870625265174
1.57304663959759
1.61553910812006
-1.49952240861783
0.419899137384194
-0.732367173663882
1.45182112313425
1.04417393240275
0.499269670606871
0.69293650270648
-0.787404027924537
-0.758699129344733
-2.07146587787132
-1.1275388962668
-0.860509553897797
-1.7151666464067
-0.0580579713691819
-1.39666458735159
-1.8089665858786
1.71936007800105
0.591902941077187
0.116821643551134
-0.482885699763833
-2.50737900751355
-0.104621657746294
-1.61912567932859
-2.09738023359831
-2.12570115121269
-0.0394794166511459
1.0383523352111
-1.45266863736823
1.45327068316846
-2.7798275782508
2.21977458228945
-1.11736094080228
0.44645789888706
-2.13618070676013
-1.1004491681066
-0.674825344576908
-1.41164394548212
1.15003931859564
-1.35734773601522
-0.0683857086939945
1.37688308413015
-0.670850875455347
0.657175415684878
1.71024139292688
1.63241867387697
-1.17803779032129
0.528949660094106
-1.19283194060207
-0.129603952320982
-2.8095344027122
0.957721323547409
-1.0703732268243
0.420883887995737
0.376364490524235
1.97014697131743
0.718343964024361
-0.293598213605545
-1.49339072568567
0.828783720869229
-0.557592741779154
0.809020733074319
0.0436378422667046
-0.0599068889373624
2.41179548805535
-1.35114880627271
1.40100499469514
0.67836536106133
-1.91064569366098
-0.916694537996742
0.592607753770809
-1.38554353322554
-1.16543109100228
0.287407994008281
1.86102220006284
0.392525346705114
0.732039910925114
1.56842757955892
-0.90061283656439
-0.322550019101071
1.15638491319157
2.02961312266684
-0.377355310224804
1.29432505180891
0.540902655484978
0.108727188786522
0.79499899511653
0.133845771547096
-1.45381560221336
-2.26762679672638
0.294475962390028
-1.6090514971168
1.69694792800617
2.22676604853037
1.37015245266789
1.09273147833623
-0.697130994208507
1.45125414905484
0.768421020125696
0.599437412472194
-1.77259818342474
0.747552612239855
0.308294391767478
-1.51540813977734
1.61615978404416
1.67475142670092
-0.177478799592761
0.239616540205579
1.10320689539382
2.31829688350308
-1.17771732241212
1.4208266704064
-1.33672151322541
1.69969752386132
2.05085553399677
-0.634940764133928
-0.261039474100966
1.61430073751069
1.20213274911038
-0.395523236335102
-0.252178605395023
-1.72880064489497
0.0524736737203114
-1.75485553152963
1.48987665333277
1.13883641072731
-1.52446504149035
-0.672764112790401
0.134143176440278
-1.49924481391643
-0.849890428598539
0.943589776238658
-1.22238037909359
-0.198321933650052
-0.777093814125879
-0.878750752915465
0.209314675955705
-0.324105692187041
0.762430058663843
1.35829759965179
-1.20689199343856
-2.48284189187413
1.99198082550404
-1.60423662726724
1.17980979742008
1.36394418589417
2.05702896084587
1.51708890775418
-1.65849702831361
0.227149755345492
-0.561956700530807
-0.218807715073512
-1.58740680217434
-1.33581637556811
-0.111853754954102
0.62214202756931
-1.71694946465188
-0.888669366477553
-0.711149753520211
-0.750515689328278
0.768102575437342
-1.56403027535085
1.89530167159963
0.315608230445851
0.35403185115623
-0.231766832755015
0.998351089111611
0.266906823257087
1.77950115022191
1.55119868155149
1.14143073864329
1.83996008629392
-1.2159669852184
-1.36838945174004
-0.421168112310965
-0.534473231236334
-0.440464901501755
-0.953273490725871
-0.665821218411565
-2.09020481150681
1.02551926358188
-0.366748225669923
-1.26914463406353
-1.55291866888651
0.990688260439003
1.96750680350737
1.52811019814833
1.16158521230275
-1.88068735105939
-0.304806265134153
0.645132964714955
2.1037580655158
-1.04087710125183
-1.02506605231729
-1.3953528341011
-1.95427496746302
-1.62661744818936
-0.829808264108865
0.30827078394385
0.402415162010483
1.19896873999734
-0.253755523121806
-2.14812135555533
-1.52223028056128
1.60767481790165
-0.343345218474198
-1.78939297903781
1.83092205426984
-2.15321968498364
-2.34693719134471
-0.253107779239597
2.04804850706775
-1.32910525570224
1.55712349692732
1.12628430374967
-0.985993857548963
1.6660164309823
1.40898885871082
0.892052002399608
0.996527497608
-0.306857119987493
2.11096514265838
0.225195868397527
-0.434597283023735
-1.38431526719516
0.897042464259288
1.6221125804549
2.02482410378554
1.95248527168215
-1.11148562147953
-1.99272037928643
1.21564465993739
1.18926820133262
1.39161302524452
-0.540869732519229
-0.353545683809465
-1.57581994252366
-1.40893218189177
-1.23933657905531
0.500014925349162
0.24016855999379
2.11363479866287
0.310280191160426
1.82709429445845
1.93415600189541
2.90667791570813
1.3320539595772
-1.17507365288711
0.718116174127118
1.16977165143697
-1.40901213818723
-0.815708584619583
0.521034014985811
0.553515435271772
0.779312020552303
1.40371825383247
1.2205892413172
0.665512100691994
-1.62776899422272
1.86121441954019
0.482245028158915
-1.26285348871459
-1.87445549617538
1.39705807079768
1.41849301602508
0.484629173101856
-1.77677660190524
-0.588372104069812
0.0249374678623118
-0.502564209564163
1.72341251949937
1.18496021120134
0.202576018064932
-0.736782873341224
-1.61337616183134
0.516721452407015
-1.89425101343918
1.53418777012815
0.330590308632468
-0.858086332702589
-1.66669834531491
0.381533589555243
-1.01440938765367
-1.53628526618281
-1.9305062745195
-2.25281568558187
-0.594564437253095
-1.06560708582691
-1.59122088803473
-0.166550409840093
0.822907837275113
1.07578829342821
2.45187236097883
-1.23932479914988
2.07775988365657
0.0787331888415018
1.28586661676285
-2.13009490120479
-1.61860981827507
-1.26522542530107
1.20640151788337
-0.441538345833003
0.37918590664199
-0.59768581820749
1.41218894405488
-0.720049666020182
1.11601882863999
-0.784675109944996
0.728193845822891
-1.1817265761621
0.988811588602775
-1.96454745556593
-1.68415371954236
1.79509147371519
1.06771701894917
2.07970833546974
1.61572722927606
2.04176112595893
0.70144801521374
1.13057503122499
-0.268190989920364
0.970203572308003
-0.804275351155737
-1.65666030193693
0.0472141466419872
-1.36857003869988
1.06815875202032
-1.0508420616418
-0.718794328643138
-0.805642583694585
2.36011262564553
-1.24576681138418
-0.212418032380217
-0.467206783070887
-0.200880007515691
0.860964449412848
4.80014247215305
2.03594501757134
-1.87910848133077
1.07014161235922
-1.21156403638824
1.26608870853191
1.12171292817974
-2.56621869127121
2.48949507897837
1.84452293371339
1.163609144403
1.87402388202181
-2.27479984894068
0.981244005050711
0.903698943923282
2.36564531554208
0.26868909721842
-0.492321735647998
-1.74570205326367
-2.10628906270539
-1.23098781663212
0.389139096131509
0.68195465173324
0.738632405315822
0.441588025530544
-0.551512814955681
-1.79814230798296
-0.963822703879349
-2.98357222953273
1.51552774207141
-0.0982207878517074
1.65064841093409
0.517741071489089
-1.94225848455208
1.81024585321679
-2.13609325028592
0.466017836974187
1.14196817494205
-0.0931896546929088
-1.19728453707528
-2.20327203375856
-1.36366447341285
-1.42804412165681
1.4767645309751
-0.464513583529483
1.15405742348317
0.609168401992785
-0.580068292011371
-0.968257852025918
-2.88388735126355
-0.581543978434671
-1.24547195579764
-1.43990233318878
-2.31822862325262
-1.0877389374778
0.15040287090151
-0.17357287736579
0.333347737030425
-0.0131586386306763
1.48570835396064
2.12467856457265
0.82730974234769
-3.10643414110559
-1.82092356904065
-1.23347654654767
1.01592182197546
-0.484738887170138
-0.600454253092018
-2.47129502151897
0.0125798213533274
-0.908284033146517
0.906199477992129
1.51280171186025
2.06532921110374
1.27586192696377
2.07647077294204
-1.16049889220362
3.20464110544159
-1.42112302733778
0.987105811487875
0.392126193801716
-0.173521939503323
-2.38573387870477
0.906424582057082
-2.09602565020577
-1.38583905867597
1.36562199077643
-1.00205732390718
0.779013222438196
0.0703034704744639
2.32325737400809
-1.25758082294774
-0.67406502378132
0.196950303262659
-1.17969911458601
-1.10711749717656
-1.40770523968602
-2.13220397549869
0.373557233665955
-0.019584633206468
-0.85019653421305
-1.23028537566952
-0.220494752318151
-2.22774148465887
1.60253110414541
1.42349000936394
-1.45100596321364
-0.371163468715811
-1.06073722496831
-1.2663326821528
0.0964817635062857
0.276788535595655
1.35845493439976
1.05035380881299
-1.4672512311926
-2.00681573370633
0.236139368392367
-2.04200899410373
0.808937345609322
1.23394355555432
-2.32567266306353
-2.06469447324606
2.59667068428497
0.830666909445506
1.67508716960267
-1.69851810578149
-0.708276469326162
-2.28939509758475
-1.23918686708081
-0.347779601006647
1.44435816325868
-2.03343624928164
-1.48587093901933
-0.587416395887011
-1.30497324222245
0.466351143424408
-1.0699184005946
0.292677728977784
-1.88098254933275
-0.242033800412022
2.0802463857095
-0.594497457449135
2.47204012077244
-2.35171471994738
-0.99192923111274
-0.636481189738843
0.556066584135646
0.228942389292826
-0.854931451632152
2.95374754997661
2.80149058449463
2.14274991523354
-0.892007423444434
2.54233791081793
1.18906380735263
-0.204846210017197
1.22832327970082
2.18293654257639
2.32194550294957
1.10775071194398
-0.897410758079709
-2.90012916231557
0.845514861692195
3.549819612355
0.129275843804638
-1.03145534317088
-1.3826148691574
-2.37618641341978
0.688360613468082
0.454016181304833
-1.8042683156589
-2.06775614646385
-1.22650266071451
-0.34904617479838
3.28918189743774
0.179122700370634
-1.58047449353781
-0.556973713234364
-0.790079407878002
-0.935202745882897
-1.39027660729642
2.01571935803435
1.17925235513861
0.620155193707149
0.0984095612243097
4.08007915660657
0.1985469697519
-0.466836817302626
1.12045372815652
0.982842064781873
2.05278080880456
-1.08013296233913
-0.0182171478111653
-0.803294215678188
-0.13313321499426
2.44138801201373
1.690709388288
1.21241867077302
-1.20524402400903
-1.67559421216654
-1.95464442094248
-0.0734134008584114
-0.215312395411408
-4.00456695685518
1.92484424819636
1.50094474663165
1.16980965592578
2.6899908597901
-0.798590915139667
-5.15365321111424
-1.33682448382473
3.09594052993529
1.43702012030977
0.453726023709409
-0.778511740258887
-0.587340570965056
-1.03451276745525
2.57204429430075
1.48538067463836
0.188256165402471
0.172712230409201
1.71487789183544
0.107244974475755
0.733298924006337
2.18893574526413
1.00036153163391
-1.00828222956712
1.79295007433371
-0.42303156480984
-2.14088397367409
1.42009921682888
-1.57617364760229
-1.8714889640684
-2.44500236017473
-1.71027290637116
0.939263185077243
-0.864206911470588
0.718064925682989
2.74737167595462
0.141351256300211
-0.345372837598423
1.36867606186233
-0.152098376169802
1.18581619727372
0.555288823146607
-2.06595687462695
0.364925083406938
-1.81422912901413
1.78864372508535
1.46667609110556
0.485471585013396
1.0414178174992
-0.320301325806275
0.480620220666939
1.85958312412362
-0.594514445327506
-1.81189590483337
0.711765739904086
-1.75153804400565
1.87705486832735
0.159611888354947
1.49518934115337
0.142086481855665
1.2366611998517
0.0706535770406756
-2.1924839479484
2.29953170914569
-0.0467776107800874
0.90534486031117
0.278762127781557
-0.396600312386476
-0.4639047107933
-0.987582610929459
1.86000054156318
1.09782774822172
0.349491271406048
-1.31129666601798
-1.66148108548989
-0.742254893595158
0.311600337744851
-1.96247125675289
-3.01858804110486
-2.00183857072084
0.790328908651852
-0.188429887507293
2.89198490943343
1.08238222532583
-0.707495221794068
-0.975370852537773
2.50136467080179
-1.46847117301744
0.598851394962946
-1.32659128040679
3.33697046596138
0.539024264464088
-2.53650485812184
-1.67881673032176
1.24053935562504
-2.85779517363775
0.563881874263568
2.28828529243382
-2.8407036808237
1.50468880246727
-2.22306373492257
-2.98649086254021
2.16815220878723
0.793844151282743
-0.708595833762558
-0.964757300018592
-4.10194597949771
-1.20861289161401
0.8241117888264
1.32463671541261
2.08429825244867
0.784397620104487
-1.34298827251732
1.80496910533172
-2.26123358384791
-1.95423200642062
-0.803719776791301
-1.68695226184296
-1.22603887461291
-3.96245751682457
1.62573657882119
-1.35677423183938
0.928534652793413
-0.638959719552889
-2.27253957986194
-1.37454190467207
-1.14336501317786
-0.87942323854099
-1.32616641948733
-1.84258818160142
2.31501458085914
-1.64519867214081
-1.00682687340447
-0.165859784032147
0.892705220957838
0.829200900826324
-0.218537955900369
-1.00488474678673
0.00488088707963733
-3.53960635201608
0.386011530178537
1.40153750393512
-0.11947467532841
1.49533825058117
-1.1866773218453
-3.14818783072505
-0.231186149219448
-0.411846848892928
-2.16981572159068
0.821868637562809
2.36257399153056
-2.34637448870445
1.68676430450059
-2.6842889396369
2.97690628255486
-3.33784094208624
-0.302124325190514
-0.0089667126354979
-0.823502844417199
-1.85454714535985
-1.54291859203454
0.989806305057839
2.05549614619624
-0.45014775087428
2.12155699959016
1.24546711466861
1.72983319354382
1.72104310690282
-2.38314013855934
0.538466900819594
3.90079279891176
-1.36155540134892
-1.59697634887669
-0.461853316075886
0.547204417488722
-1.42359069095972
0.544834465997838
1.48501274594232
3.30472580012347
-1.5714027045516
-0.0294896620831622
0.851039534639045
2.05518656085064
-0.962664037791776
-0.0996070220257915
2.21694452247445
-1.23730973105332
1.48665604798586
-0.117525889193419
0.428062111349507
-2.16820805812359
3.61249738026133
2.55001911039496
1.77063937344064
1.09681304669778
2.71318086075375
-1.18241490319563
-2.0994034855419
-2.76005938599775
1.22171899136531
-2.81199789864961
3.78991355145291
-1.86202272570646
0.111779120860502
-1.91310886104336
1.14557683941465
4.14037196040767
0.561370235916999
-1.32853841713916
2.45056976362083
-1.32629574683691
1.03494711553701
-0.784814283889703
-0.575955502974436
-2.76712992761652
-1.39544082431735
-2.01325116302283
1.25349306096731
0.996238134697206
-4.00734730171626
-0.556031279555217
0.117195776266246
-0.938397600124729
0.110902629743597
-0.0330660900280346
2.34006990679364
-0.656512617424259
-1.83057352688844
-0.913625515169158
2.81911156961741
0.0565811104883817
-0.012655536933619
0.837292764771195
-0.492308409280165
1.87250904010406
0.881480043413848
0.0733253560041945
-2.72501448295801
-0.614681768529922
3.35742789834259
-0.379298087941887
0.568618646286355
1.29607991854208
0.630615067717209
-1.28446306445747
-0.822655258254092
-1.80819441523205
-0.441206726906183
1.29846244383504
-0.309158675098872
2.4355172276246
-2.54975464978183
-0.510183270290296
2.71802116091305
3.39438984056967
-2.94053373500194
-0.411670683646618
1.26751989005905
2.02307259150597
-2.16077421910704
-1.57148680339054
2.38226963020808
-1.48730400134614
-0.73234212026661
-1.36007097345354
-3.42307548047538
1.15798442621237
-0.62376449988461
-1.73291250830327
-1.13788778233185
2.70829931328109
-2.44709061753802
-1.56773800772367
-1.77243223433423
1.09505208735174
1.80805785361995
-2.05158633360504
-1.72658268497818
-3.05317784702609
-0.976952228688806
-2.06999806618629
-1.2396453514709
-1.43185380089243
2.54304058967852
-1.83410578200089
-0.107777773764587
-0.756180920942712
1.12804728397909
-1.42270279452926
-0.753255573082913
-0.92636328870004
1.10630730904575
-1.23197508521088
-1.26807939004839
0.782178756627297
-1.24872960885566
0.945184988986904
-1.17710243566209
-0.178225492584926
-1.46229456092386
0.412235196771505
-0.926912458105471
0.41060826585154
0.607966571119675
0.0181065874946337
0.540549603259849
-2.14957741713337
-1.34158553422962
-0.0506857365546538
0.0914073627900704
-1.40095532238975
0.456517738420324
1.2503886888723
0.755199752792111
-2.41718681702939
1.75599125506967
-2.13265410071088
-2.14315006466197
-1.17157045940073
1.44173575479629
-1.85697001534012
1.95794481801594
-1.52183916465157
-1.54850056755492
1.2488518987216
-0.7696242183136
1.88624166416856
1.63933557027881
0.226570927266002
-0.325917317023853
-0.590890859261985
1.60764109967408
-1.7516986933049
1.77334202175109
1.26204446277184
-0.400176933618636
0.90565572356395
2.01322498286252
-0.266537530985906
0.118727734472296
-1.25581165187526
1.78319448179791
0.100058651167713
0.111316360215886
-0.905019816768428
-0.671007584153529
-1.27388461400109
0.37782768081171
-1.99487178100532
1.14244552586955
1.21066965320101
-1.42927070037865
1.42964257882648
-0.555796009867161
-1.23017381336912
0.572210817886974
1.92868158092426
0.571875314037215
-0.169557779410118
-0.387106776960339
1.00372893591675
-2.2039684491101
1.21729339841825
1.35803440477144
-0.554694386522024
-0.418385572107716
1.31278617673046
0.26216789961489
2.04066635840398
0.970137041867036
-1.9480169860209
-1.71035922264497
0.888432059151397
1.49051655075703
-0.880909146730847
-1.30633168717249
-0.35699385358836
0.474932947995092
1.3269133097071
-0.205853713972882
-1.20179625879831
-1.54658690400457
2.14042066784426
0.924480393012202
0.10984413722835
2.22914340104525
-2.48229610273701
0.229835333441539
0.78636173847329
1.74037730497119
0.000957551763176196
-0.648481540794243
-0.395402449712875
-1.23721271373137
1.07429302954075
-0.490810284651851
-1.31567844887205
-0.506515590489049
-0.728389712570584
1.16664426609035
1.76718407789928
-1.73711992113686
0.787002653369416
-2.11510329052681
0.351750780110902
0.56705025994344
0.927140112105468
2.21502977443024
-0.100088232036827
-2.61185039642847
-1.62019144887706
0.497547863730575
1.46438073273753
-1.60912731266725
-2.26840157106789
-0.404931314784373
-1.63101135886549
1.9965143049147
-0.141696306295757
-1.97475257675311
-1.61925042021493
0.176369912984704
0.94672800078001
-1.75985659437716
0.70510890186707
-1.89515415501306
1.45186018340641
0.125465151647796
-0.785873971285309
2.09669868468287
-2.28915640684775
1.09130810151492
-1.50157528252805
1.30013736894135
-0.373737375040144
0.610936535809085
-0.0280437043861535
0.790985838760506
-1.09568164278454
1.99924924437019
0.55548858145091
-1.66236363703379
-0.498762802561892
0.937573871253709
0.869555365849817
1.10237548130375
-1.43184877194337
-1.93188301746742
-1.1510515626841
-1.12022290703817
-1.8753743552384
-0.590458974397619
-0.869759452376359
-0.474914844010882
1.06029703436643
-0.201818749234707
0.754033777305042
0.154420112735988
1.44015240770409
0.749704372052545
1.02511215691259
-1.78280004928536
0.326294036656017
-0.964276792516488
1.68138181634966
0.305050127901748
-1.17783563318575
1.40524358477591
-0.0021411483692503
-0.99267472923684
0.17139917107554
-1.42766631173628
1.21362808151667
0.172480229043349
0.917596633300474
-0.741085648519005
1.36112933148536
-1.09148940476443
-2.00333072866136
1.22658128095372
1.51902972955824
1.23352280131324
-2.04866473123585
1.98534798957892
0.350139385750726
1.40409797264884
0.857400204355889
-3.94840467187472
-1.37987277757524
-2.36934428146045
2.84391804321307
-3.83347779139988
0.857378499824639
0.57617787255554
-2.74032908406808
-1.04127563022274
0.176932788297041
-2.23397646341118
0.96768250062701
-1.96509662744923
2.91677424243956
0.122206205369645
-1.39808612102404
1.33151512076312
0.176359693663253
2.17354650249329
-1.12890141495306
1.67023198542837
-2.02908364304542
-1.86573412850498
0.504746392058883
2.1123006694766
-2.02293725377907
2.48578887317901
-0.174723480372911
-3.14376345098353
1.23135496971816
1.57180796757008
1.27926661892522
-0.0717383438040255
1.64501582388423
-1.61939607878405
0.610267536443456
0.252109468231524
-1.05499822856359
-1.49360827245712
0.751819075343297
-2.21845921745866
0.0879533738438086
-1.09292746032594
0.687916676445547
0.52475024125352
-1.36989818785871
-1.34740407159481
-1.2708827032593
0.260432290712319
-1.35354369952381
-1.89285020224397
0.26876209023643
0.80954771132789
-0.0829607018525043
1.38090849663313
1.81049790687815
-0.500086345060127
-0.727731513275439
-0.964988981784322
-2.75019997349087
-2.98499180757651
-1.47195596474988
1.5851908905535
-1.93307265159884
0.00547526327216059
-0.254278023307265
1.22461855593998
-0.593129052152773
1.39524333685562
0.392153116244253
1.98636367763085
-0.370877278684103
-3.38860752425656
-1.3049301084377
0.757638879436469
-1.52851192522283
0.453331956042465
-1.90614183011319
1.81369536881581
-0.352069299508014
2.7351883898471
1.10641250595064
-2.8673686240093
1.93668438872846
1.11489327962425
-0.415819249526842
1.46528368703607
1.34613564656726
2.95053475096469
-2.02217365344203
0.909820478906912
-2.15670393156325
-1.602269311029
0.260116427067761
-1.15585187893903
2.4134556388579
-2.0628631981066
-1.05594892458204
2.84171640144947
-2.06104215090316
2.08894881686826
2.9282027865304
0.753065483232531
2.88350675746921
-2.89644404059761
2.21044365569526
-1.22093694639924
-1.52668795279513
-2.93751169054494
1.84115947603294
-2.53780448484784
-0.0917408474665792
-1.02079184137093
-3.43629758806944
-0.000752238831394389
-0.512110718730578
-1.04066088771057
2.63611968360778
2.59355619656703
-1.00464157182493
0.170854194745124
0.431728468333568
-0.479842940861611
-0.925174846556541
-0.809019179948604
2.16973277888555
0.225855927917115
0.410660717250719
-0.344330793130424
0.88548720352477
-0.375706819944795
-0.291408778838097
-1.73126392536643
0.442595078328092
-0.12086391088216
1.46324204655964
-1.31041636874421
-1.45157571564629
2.45313135707931
1.62532429518034
-2.73109868317462
2.08478683109613
2.22912426642496
1.48292310656792
1.20163952388287
1.29649882738191
1.53172036770161
-1.80833953452663
-0.167511790321744
-2.27542910151586
-0.135996410142597
1.55444134870211
1.18870291286785
1.56897837666118
0.560435446777535
2.70998116514875
0.593637263225211
-1.79831911333919
-0.813724688016384
-1.28750748109841
-1.10785710786586
1.43514128239477
1.20634689987732
0.501627877662556
1.01068933140996
2.20430816414466
-2.79455764989504
2.06001894880461
-1.09745033477004
-1.17283801077262
-1.69318499490043
-1.38933592468122
-0.425623579283545
2.43552142778833
-1.80194268250887
1.02348947918251
-1.93897671640048
-0.445391762455855
0.0267397318782653
-0.244738632006253
2.66050325739215
-0.72107000987832
-1.39420288756851
-3.48061143955701
1.65204660214744
0.484814627097371
1.4331407939675
1.27875539798384
2.74415527071269
1.67804801611297
-1.466917295037
1.50164221567024
-0.00349080573264883
-0.615424220708541
0.141250158379311
-2.09237928132875
-0.854736929552403
-1.14666311176572
-0.666390724227475
-1.47319676876867
0.244267649859329
-1.47063440618898
0.446152358566
-1.46090515779537
-2.94859790784746
0.567747021857365
1.34373096289305
0.984369833405958
0.122408627777648
-2.90804506788779
2.79917403675163
-1.07109923730115
0.185849586479014
-1.80693656760815
-0.616608726916344
1.38631077861745
0.779176384177929
0.682290888379314
-0.19216594762375
-2.30691640636208
-0.878721281578228
-2.91978759232756
1.27646472703861
0.779522233591464
1.76144691008739
-1.61363702207798
0.854271643724761
2.18398829336686
-0.585797296654305
-1.34970398551151
0.341299387449981
1.51869383715699
-2.67755133788939
1.79954483665965
1.67287082437657
0.531859408020458
1.06033399437974
-1.33904272247421
-1.37778764839221
-0.536235775958076
2.87457951774207
-2.48262715010976
2.41282718624977
1.24205668729709
1.64101655989549
2.37786287983559
-0.872459510237241
-1.64457666049154
0.826773870335276
1.27203288989117
0.913210184480692
-0.826121173133313
0.182206981031117
0.181878518882485
-0.560398403791259
-1.17245241160614
-0.230928708017412
1.47055128536131
-2.0222156730146
3.76711469136863
1.68377783032601
1.63719660547029
0.311918348208194
-1.8473841037254
-1.66230259776806
1.7590838982691
0.927198477460503
-0.0631858422447435
0.32998593063644
1.95081573279093
-1.6774283557981
1.01142450327548
2.0364989017022
-0.28594727733252
-2.23589656089848
-0.527618728552651
-0.509750853540746
2.26500171448437
1.53412851729731
2.49601604716738
2.4321965227501
-0.612380657453302
-2.26694665267985
0.266723853443904
-0.458364939440074
-1.0602032304572
-1.1447979594481
1.86830692662491
-1.44765062762766
0.599225791162792
-2.50871597781816
2.48586885461898
0.783137051069439
-3.01489160786883
0.281202490827518
-2.71344235504396
-0.265041647880637
0.0176907062995725
0.184281794008014
-2.93743096208023
0.840773991499229
1.60910463653877
1.1259539643224
0.945811876694656
2.16870795381157
2.76498174950075
0.878857177297145
-1.71290009797831
-1.1819411408517
-2.11807765726366
-2.85090683558815
0.764011308385726
-0.883647168218582
-2.11185432040405
-2.43127274701903
-1.95109299297555
1.25860534355763
2.41679641823169
3.15407067225712
-3.52824592453589
2.30712940282776
-0.178783181712742
-0.177414872480691
2.33125373241683
3.20761261338827
-1.37395140184161
0.768966177032369
-0.657731492468488
0.59965587451227
-2.14336656894766
1.21850308490414
2.37555824781377
-1.59637433319957
0.81880955862101
-4.10773955600199
-0.565583205064326
0.910996939658401
1.45066131937579
-3.37925079035031
0.908038624454617
-0.75436602557054
-0.299845618801405
2.4424499142091
-2.57614881149671
-1.62717944167879
1.75665035669214
0.758274690942403
-1.34844125527837
1.81751515525128
-0.983382929676174
0.560263013554246
-0.147975117557621
0.677677163165356
-1.54592019675893
-0.591288904778324
-2.97316198738246
-1.2916151558279
1.60269930900035
2.79374755229928
-1.08662255644962
-1.81670102639768
-0.800567152374658
1.59152830516139
-0.317170844293224
1.62366629385807
0.233204244356925
-3.00564351589327
-1.3522367383803
3.72686695070759
1.09767479966862
0.161242154119627
0.629817370535909
2.82108061070634
-1.34653344168607
3.76368970489833
2.30809280545887
-1.1243506967181
-0.911494090580447
0.16121014521303
-1.22908415776779
-1.58554443032785
-0.21011383672608
1.75789122103701
-0.497286406758529
1.37569774487715
-1.13488339933138
-1.21957133552723
3.37287885750573
-2.10264610075658
-2.47351997433364
-3.07008068496341
1.78747389350167
-0.434223316676327
0.522691715909962
-0.477818622064656
-3.60342433032048
2.65797565509184
-1.02056525381736
-1.88011433523214
-1.93180131574585
-0.626229984597049
-0.921426214582766
0.55014780400319
-1.37589209097872
2.77508556533906
3.13098038915504
1.18251274329506
-1.79194256443453
0.661666404712955
0.850533361352961
2.16176917513649
1.53673832145579
2.32797139785873
1.2349892582563
-3.70557731476706
3.56477929580582
-0.316957930411317
0.756687997305964
-1.77462258430867
2.64453883600172
0.808925619013203
-1.75170145644518
-2.13432642763815
1.15367731027928
0.927734360910036
1.57096372977037
1.852045648744
-1.24433605710773
-2.87638918817915
0.217912149496352
1.23417082857205
2.16063109232158
-3.93457650615146
-2.64929705112742
3.26390249690402
-1.51024020567785
0.483872954291786
0.647408729941477
-0.245055292170158
2.56374809971812
0.92159638468961
2.41495465090501
1.43309827634361
0.165540284855351
-1.34907002825589
-1.74751217534644
-1.91344456128965
0.215109482771598
0.494865448658689
-0.289826203184648
0.312903408701425
-0.640009514322164
0.462475460841534
1.66761305947112
-0.411985169204421
2.2755734329291
-1.24277975142892
1.58719022567459
1.12616723942212
1.77619968888716
0.711599811434667
0.753953599967109
-1.35143726310133
1.56393675444874
0.214242373265672
2.05104531933307
3.05350795775506
1.17415871536319
4.01449365733768
1.59757086038357
-0.727662802744563
-1.70461726788027
0.948453175259899
1.41221288463351
-3.07375607748602
-0.378097304902224
1.92219433336641
-0.69020377831472
0.860261260735878
-0.76414184277549
0.196939800978414
1.07531524745877
0.0904343865431383
0.27691811338016
2.42449037820181
-0.0727436558975232
-2.10369519794952
-2.65336793151013
1.09449784075986
-1.13928890400544
2.68414994136777
-1.82124846449028
1.65349325014034
3.00287168839929
-1.75434330511773
2.30539250231296
2.06182282435962
-0.271215723682878
-1.11429081533215
0.231437834491342
-0.307778550203038
-1.12578175688678
0.390313411168756
0.719882769013821
-0.751273570859821
0.407359109950038
1.74690277089918
-0.365955202873389
0.955892357382985
1.78348644323873
1.48924293879216
1.88600914890656
-0.794668142763455
-0.266107421709673
-0.645119990724332
-0.747381600429567
-1.51195097088062
0.238909311663708
-1.68188679766761
-0.254065890485681
1.53172207005872
0.982231968600954
-1.25926825618178
0.622598207190272
1.81590880225053
0.560752615996372
-0.637148707347353
0.082465093680776
-0.560437127360538
-0.752488560559529
-0.123576017147705
-0.312928023011114
-1.79445792675637
-1.64710612500872
0.961807454047721
-0.421048703966664
0.564099691916176
1.38852392696175
-1.13601416462946
-0.766328120894897
0.100749122447419
0.868715540767779
-0.169895967932126
1.39965824190485
-1.04333765008721
-2.13749057820376
-0.864722403603375
0.469653220644249
1.48294237543142
0.702493230506563
0.691663870596346
-0.988751198888636
-0.326903777484636
-2.17261679452319
0.172769035691139
1.86334742134131
-2.31647104393726
1.68986252971273
0.732888218661572
1.32241823987447
-0.644869930207485
-1.27039301608482
-1.60434706382154
-1.80258323937746
-1.24880205031531
-0.577887028735059
1.50557357294169
-1.15651356455425
0.99204021904361
1.23251012134702
1.5382547556029
-1.30009794067442
-0.447274576857221
1.67563292282726
0.117720896890352
-1.11456931610749
-1.60076722515043
-0.713519538039153
0.548214299404929
2.05801307410062
-1.3631569729124
0.748493947831991
1.57128997612825
0.208735191336315
0.947629047766119
-0.627363489455738
-1.56009492392015
1.2884277004636
0.759584309148705
0.805404574883812
0.132216688456058
0.4705198130711
-1.67997534026776
-0.0824480639286593
1.16873585014376
-0.624823537291016
0.47072742213989
-0.934467017904559
0.331035522414144
1.797969812979
-1.13902827202312
-3.30694762480282
1.103031050067
-0.546222159085861
3.69388431330721
-0.805954745739938
-2.94378735394839
0.119488144567229
-0.0866540884857057
-1.6754236464892
2.39500580382046
1.57999309771629
0.0174280073795556
-0.127589164091999
-0.12091263535648
1.3494105599982
-0.909071409674222
-1.6243260997273
1.24554649876676
3.82711260708033
-3.57994380031745
0.464599949108465
1.58091683952255
-0.907497713461692
-0.573703837686597
-1.5523846049616
-1.60072388081138
0.933070702909962
1.38891991230063
-0.763358177638735
-0.52697116715413
2.38770412674774
1.25073514157273
0.529597270121701
3.24444957855315
-1.63287814376536
1.85974248204413
-4.05582132322855
4.1426559075811
-0.96965586765065
0.370035282819222
-2.10721547262659
-1.3969054469387
-0.18639992477276
2.09784998018851
2.33578789381761
-3.47037772934239
-3.99858749895063
2.4559046095046
-0.460512286825983
-3.87225106624269
-2.29179306748328
1.80706602150682
-1.23875222865888
1.34451289036277
-1.74703182322557
-0.254905689338915
2.4588008069243
0.450172624766911
-1.20405326192277
-0.824709923713751
-2.47646507581478
2.09792404062358
-2.32082081012055
1.46969181795517
5.4741423984805
-2.64419107114436
2.22648555285423
2.53805054458138
-1.02603857757097
1.25785638802655
-1.51779604053154
1.70588512493615
-3.25420370694475
1.38565741919701
-0.545930713301082
-0.112267936073612
0.946437090186215
-2.50274685878467
0.739276273342462
3.18575195574466
2.69687117474137
1.48109133055171
-0.201885215533864
-1.54929166514383
-0.221392297551382
-2.10855053517961
-2.6940002438879
2.44128608190673
-1.42311689014849
2.76673249477003
-2.06663901012507
0.520897054104054
-0.270096598221144
-0.356523366742783
-1.28517649827317
-2.19381582209961
-3.01401819663332
-0.864493847742129
2.68818257891988
-1.41180043930484
-1.49176007269364
-2.01683162329102
-1.76852701289235
3.35593601366623
0.713628577206171
2.01400474958718
1.92757377597689
3.06237966210431
-3.30370118779313
1.83310250237844
0.942277724807166
-0.0306888962480507
1.71941980637151
0.507346997666171
-1.21893983445452
-0.227060903903629
-0.562287403869791
-3.20829634644797
-0.27919741346688
3.95799532994247
-1.71726318580357
-0.468992129710928
-1.2063004220784
0.793608210975806
-0.871808912248871
0.338285709268464
0.712230667587899
2.29274314816436
0.872781705328566
1.36398735714066
-1.90375529489688
-2.6729087523343
-0.274114881380836
2.93014529643301
-0.139232274096761
2.40204407045575
0.956348642687529
1.32163268002373
-0.535073022525967
1.24103250186919
-0.619657932750396
-2.22300738374485
1.37078889870909
-1.98218792836238
-1.53375122571182
1.02986685538191
-0.7914209533884
1.31554009001639
1.40082538026044
2.04190276172859
-1.34799488227152
-1.25218532694453